10.260000228881836
11.369999885559082
12.170000076293945
10.880000114440918
12.670000076293945
16.110000610351562
23.459999084472656
32.849998474121094
37.93000030517578
35.560001373291016
40.689998626708984
40.91999816894531
40.060001373291016
45.20000076293945
47.310001373291016
48.5
50.459999084472656
51.880001068115234
49.709999084472656
49.97999954223633
50.31999969482422
51.470001220703125
51.189998626708984
53.209999084472656
53.27000045776367
52.709999084472656
54.15999984741211
57.869998931884766
59.02000045776367
61.7599983215332
60.939998626708984
63.20000076293945
62.95000076293945
65.01000213623047
65.7699966430664
69.63999938964844
67.87000274658203
69.3499984741211
70.29000091552734
70.44000244140625
72.72000122070312
75.08999633789062
74.23999786376953
75.27999877929688
76.22000122070312
76.3499984741211
77.55000305175781
78.1500015258789
78.37999725341797
78.22000122070312
78.86000061035156
79.01000213623047
80.56999969482422
79.81999969482422
79.4800033569336
80.13999938964844
80.5199966430664
80.7300033569336
81.54000091552734
81.2699966430664
82.48999786376953
82.94999694824219
82.55999755859375
82.44000244140625
82.80000305175781
83.0999984741211
83.06999969482422
83.2300033569336
83.41999816894531
84.06999969482422
84.44000244140625
84.23999786376953
84.04000091552734
84.6500015258789
84.52999877929688
84.62999725341797
84.31999969482422
84.58999633789062
84.19000244140625
85.47000122070312
85.48999786376953
85.0999984741211
85.62999725341797
85.41999816894531
86.16999816894531
86.0999984741211
86.05000305175781
85.91000366210938
86.04000091552734
86.4800033569336
86.54000091552734
86.2300033569336
86.66999816894531
86.2300033569336
86.66000366210938
86.58999633789062
86.63999938964844
86.9000015258789
87.30999755859375
87.3499984741211
87.12000274658203
87.08000183105469
87.05999755859375
86.93000030517578
87.45999908447266
87.16000366210938
87.52999877929688
87.75
87.4800033569336
87.62000274658203
87.33999633789062
86.9800033569336
87.80000305175781
87.66000366210938
87.58000183105469
87.81999969482422
87.9000015258789
87.81999969482422
87.88999938964844
88.04000091552734
87.91999816894531
87.88999938964844
87.86000061035156
88.02999877929688
88.12999725341797
88.22000122070312
88.2300033569336
88.30000305175781
88.5
88.47000122070312
88.69000244140625
88.5
88.54000091552734
88.70999908447266
88.75
88.9800033569336
88.77999877929688
88.45999908447266
88.58000183105469
88.80000305175781
89.02999877929688
89.08000183105469
89.27999877929688
88.8499984741211
89.04000091552734
88.91999816894531
88.86000061035156
89.16000366210938
88.8499984741211
89.2300033569336
89.12000274658203
89.02999877929688
88.88999938964844
89.0999984741211
88.87000274658203
89.20999908447266
89.16000366210938
89.04000091552734
89.26000213623047
89.19999694824219
89.18000030517578
89.16999816894531
89.1500015258789
89.16000366210938
89.11000061035156
89.1500015258789
88.91999816894531
89.01000213623047
89.16999816894531
89.25
89.37000274658203
89.05000305175781
89.22000122070312
88.87999725341797
89.0999984741211
89.44000244140625
89.4000015258789
89.51000213623047
89.47000122070312
89.51000213623047
89.20999908447266
89.36000061035156
89.37999725341797
89.19000244140625
89.38999938964844
89.41999816894531
89.5199966430664
89.33999633789062
89.62000274658203
89.36000061035156
89.58000183105469
89.30000305175781
89.3499984741211
89.38999938964844
89.19000244140625
89.41000366210938
89.26000213623047
88.9800033569336
89.2699966430664
89.55999755859375
89.5999984741211
89.51000213623047
89.37000274658203
89.3499984741211
89.66000366210938
89.5199966430664
89.31999969482422
89.5999984741211
89.44999694824219
89.33000183105469
89.52999877929688
89.37999725341797
89.30000305175781
89.52999877929688
89.54000091552734
89.4800033569336
89.54000091552734
89.56999969482422
89.52999877929688
89.62000274658203
89.87999725341797
89.5999984741211
89.56999969482422
89.62999725341797
89.5199966430664
89.54000091552734
89.77999877929688
89.63999938964844
89.63999938964844
89.55000305175781
89.54000091552734
89.88999938964844
89.7699966430664
89.94999694824219
89.8499984741211
89.83000183105469
89.68000030517578
89.52999877929688
89.6500015258789
89.70999908447266
89.86000061035156
89.7699966430664
89.77999877929688
89.70999908447266
89.72000122070312
89.5
89.6500015258789
89.83000183105469
89.91999816894531
89.76000213623047
89.66999816894531
89.76000213623047
89.69999694824219
89.56999969482422
89.77999877929688
89.58999633789062
89.62999725341797
89.68000030517578
89.6500015258789
89.37999725341797
89.37000274658203
89.41999816894531
89.48999786376953
89.41000366210938
89.6500015258789
89.52999877929688
89.63999938964844
89.62999725341797
89.5999984741211
89.72000122070312
89.5999984741211
89.73999786376953
89.69999694824219
89.69999694824219
89.70999908447266
89.51000213623047
89.52999877929688
89.79000091552734
89.54000091552734
89.5199966430664
89.58999633789062
89.69999694824219
89.51000213623047
89.83999633789062
89.69999694824219
89.66000366210938
89.66000366210938
89.58999633789062
89.77999877929688
89.70999908447266
89.5999984741211
89.4000015258789
89.56999969482422
89.62000274658203
89.47000122070312
89.48999786376953
89.63999938964844
89.44999694824219
89.58000183105469
89.66000366210938
