9.050000190734863
8.920000076293945
9.079999923706055
9.390000343322754
10.15999984741211
10.4399995803833
13.850000381469727
17.0
16.110000610351562
18.579999923706055
18.440000534057617
19.520000457763672
21.420000076293945
22.459999084472656
23.81999969482422
25.18000030517578
25.549999237060547
30.209999084472656
28.65999984741211
27.440000534057617
30.829999923706055
33.16999816894531
35.5099983215332
36.47999954223633
37.189998626708984
36.849998474121094
35.88999938964844
34.880001068115234
35.790000915527344
37.79999923706055
41.56999969482422
42.31999969482422
40.540000915527344
38.65999984741211
42.81999969482422
40.619998931884766
41.34000015258789
44.90999984741211
48.54999923706055
44.52000045776367
45.470001220703125
45.11000061035156
49.70000076293945
49.52000045776367
48.959999084472656
51.439998626708984
52.25
53.11000061035156
54.13999938964844
54.810001373291016
55.43000030517578
55.68000030517578
55.5099983215332
55.400001525878906
57.380001068115234
58.209999084472656
57.900001525878906
57.63999938964844
59.02000045776367
59.11000061035156
58.9900016784668
60.68000030517578
60.25
60.099998474121094
61.2599983215332
61.54999923706055
62.08000183105469
62.79999923706055
61.68000030517578
62.70000076293945
62.380001068115234
63.2599983215332
63.52000045776367
63.099998474121094
63.540000915527344
63.0099983215332
63.52000045776367
63.970001220703125
63.93000030517578
64.44000244140625
64.33000183105469
63.380001068115234
64.58000183105469
64.52999877929688
65.5
65.29000091552734
64.87999725341797
66.33999633789062
65.37999725341797
65.36000061035156
65.80999755859375
64.95999908447266
65.3499984741211
65.04000091552734
66.5199966430664
66.1500015258789
66.1500015258789
66.33000183105469
66.04000091552734
66.05000305175781
66.0999984741211
67.0999984741211
67.4800033569336
67.0999984741211
67.45999908447266
66.94999694824219
68.19000244140625
68.05999755859375
67.19999694824219
68.05999755859375
66.7699966430664
67.22000122070312
67.80000305175781
67.30999755859375
68.13999938964844
66.8499984741211
67.25
67.77999877929688
69.1500015258789
67.52999877929688
68.19000244140625
67.30999755859375
68.2300033569336
68.2699966430664
67.30999755859375
66.88999938964844
67.83999633789062
67.94000244140625
67.0999984741211
68.02999877929688
68.44000244140625
68.86000061035156
67.27999877929688
66.36000061035156
67.61000061035156
68.5
68.12000274658203
68.04000091552734
67.31999969482422
67.55000305175781
68.87999725341797
67.80999755859375
68.7699966430664
68.58000183105469
66.73999786376953
67.4800033569336
68.0199966430664
67.0
67.30999755859375
67.12999725341797
67.93000030517578
67.88999938964844
68.11000061035156
68.62999725341797
68.41999816894531
68.11000061035156
68.5199966430664
69.13999938964844
68.63999938964844
68.58000183105469
69.44999694824219
69.05999755859375
69.44999694824219
69.62000274658203
67.30999755859375
69.70999908447266
67.3499984741211
68.08999633789062
67.8499984741211
68.13999938964844
68.4000015258789
68.6500015258789
68.5199966430664
69.30000305175781
69.37000274658203
68.44000244140625
69.45999908447266
68.88999938964844
70.02999877929688
69.37000274658203
69.77999877929688
69.05999755859375
67.22000122070312
68.37000274658203
67.41000366210938
67.80000305175781
67.68000030517578
67.52999877929688
68.62999725341797
69.33999633789062
69.69000244140625
69.86000061035156
68.55000305175781
67.81999969482422
68.12999725341797
68.62999725341797
70.18000030517578
69.51000213623047
69.80999755859375
70.2699966430664
69.05000305175781
69.29000091552734
69.37999725341797
69.44999694824219
69.83999633789062
69.72000122070312
68.16000366210938
68.62999725341797
67.55000305175781
67.69999694824219
68.95999908447266
68.63999938964844
68.18000030517578
68.41000366210938
69.77999877929688
70.05000305175781
69.56999969482422
68.45999908447266
69.41000366210938
69.18000030517578
69.83999633789062
68.12999725341797
67.51000213623047
68.81999969482422
67.91999816894531
67.62999725341797
69.8499984741211
68.31999969482422
66.97000122070312
68.0999984741211
69.77999877929688
69.51000213623047
67.87999725341797
68.68000030517578
68.2300033569336
69.2699966430664
69.16999816894531
69.7699966430664
68.63999938964844
69.22000122070312
69.19999694824219
69.69000244140625
69.18000030517578
69.3499984741211
70.29000091552734
68.69999694824219
69.44000244140625
68.72000122070312
70.44999694824219
70.36000061035156
69.58999633789062
68.69000244140625
69.55000305175781
70.4000015258789
70.23999786376953
69.16000366210938
68.81999969482422
69.83999633789062
68.36000061035156
68.86000061035156
69.2300033569336
69.5999984741211
69.04000091552734
70.58000183105469
70.05999755859375
70.33000183105469
69.16999816894531
69.19000244140625
69.48999786376953
69.8499984741211
68.97000122070312
68.2300033569336
68.43000030517578
69.11000061035156
69.9000015258789
68.56999969482422
68.94999694824219
68.95999908447266
69.95999908447266
69.30999755859375
70.12999725341797
69.11000061035156
68.83000183105469
70.08999633789062
68.81999969482422
68.87000274658203
68.48999786376953
67.43000030517578
67.58999633789062
68.5199966430664
68.25
68.55000305175781
68.7300033569336
67.77999877929688
68.37000274658203
68.7699966430664
69.20999908447266
68.55000305175781
69.05000305175781
69.69999694824219
