10.739999771118164
10.550000190734863
10.789999961853027
11.539999961853027
11.880000114440918
11.390000343322754
13.109999656677246
14.279999732971191
14.970000267028809
15.220000267028809
12.949999809265137
13.90999984741211
14.229999542236328
16.219999313354492
16.899999618530273
19.079999923706055
19.81999969482422
18.979999542236328
20.6299991607666
20.530000686645508
21.020000457763672
20.59000015258789
22.450000762939453
23.299999237060547
23.6299991607666
23.709999084472656
23.950000762939453
23.899999618530273
23.34000015258789
23.709999084472656
25.1200008392334
25.030000686645508
25.329999923706055
25.399999618530273
25.799999237060547
26.43000030517578
25.81999969482422
27.290000915527344
26.040000915527344
26.780000686645508
28.219999313354492
28.389999389648438
28.530000686645508
28.709999084472656
29.309999465942383
27.520000457763672
28.399999618530273
28.989999771118164
29.110000610351562
28.68000030517578
27.690000534057617
29.270000457763672
30.3799991607666
29.600000381469727
30.020000457763672
29.639999389648438
30.5
29.90999984741211
31.100000381469727
29.809999465942383
30.459999084472656
31.110000610351562
31.239999771118164
31.010000228881836
31.209999084472656
32.15999984741211
30.739999771118164
32.06999969482422
31.110000610351562
30.40999984741211
30.530000686645508
31.959999084472656
31.600000381469727
32.58000183105469
31.719999313354492
31.790000915527344
31.760000228881836
32.0099983215332
32.810001373291016
32.529998779296875
31.969999313354492
31.979999542236328
32.63999938964844
33.119998931884766
33.599998474121094
33.189998626708984
33.630001068115234
31.729999542236328
31.739999771118164
33.459999084472656
33.470001220703125
33.2599983215332
33.56999969482422
33.81999969482422
34.88999938964844
34.220001220703125
33.72999954223633
34.310001373291016
33.77000045776367
33.9900016784668
33.709999084472656
33.119998931884766
33.7400016784668
34.130001068115234
34.63999938964844
32.470001220703125
33.959999084472656
34.150001525878906
34.61000061035156
33.16999816894531
33.72999954223633
34.27000045776367
33.779998779296875
34.38999938964844
34.849998474121094
35.099998474121094
33.709999084472656
34.93000030517578
35.36000061035156
35.189998626708984
35.13999938964844
34.939998626708984
33.810001373291016
34.04999923706055
34.86000061035156
32.220001220703125
35.65999984741211
35.560001373291016
33.880001068115234
33.900001525878906
34.56999969482422
35.27000045776367
34.83000183105469
34.959999084472656
35.47999954223633
34.91999816894531
35.09000015258789
34.5099983215332
34.18000030517578
35.150001525878906
34.459999084472656
35.5
36.029998779296875
34.279998779296875
34.2400016784668
33.86000061035156
34.84000015258789
34.41999816894531
34.95000076293945
34.75
34.41999816894531
34.97999954223633
35.66999816894531
34.16999816894531
34.380001068115234
34.33000183105469
34.72999954223633
35.22999954223633
34.2599983215332
34.38999938964844
34.369998931884766
35.040000915527344
35.470001220703125
35.560001373291016
34.630001068115234
34.400001525878906
34.20000076293945
35.2400016784668
33.15999984741211
34.540000915527344
34.40999984741211
35.040000915527344
35.439998626708984
34.45000076293945
34.93000030517578
34.970001220703125
34.619998931884766
34.130001068115234
34.779998779296875
34.560001373291016
34.41999816894531
34.83000183105469
34.290000915527344
32.25
34.41999816894531
34.20000076293945
33.02000045776367
34.4900016784668
33.560001373291016
34.400001525878906
34.45000076293945
33.790000915527344
34.02000045776367
34.4900016784668
34.16999816894531
34.630001068115234
34.34000015258789
33.84000015258789
35.04999923706055
35.2400016784668
33.689998626708984
35.2599983215332
34.36000061035156
35.220001220703125
34.209999084472656
34.599998474121094
34.029998779296875
33.45000076293945
34.56999969482422
34.5099983215332
34.43000030517578
33.90999984741211
33.970001220703125
35.47999954223633
34.22999954223633
33.5
33.97999954223633
33.9900016784668
34.47999954223633
33.7400016784668
34.08000183105469
33.91999816894531
34.689998626708984
34.470001220703125
34.91999816894531
34.31999969482422
32.63999938964844
34.5
34.56999969482422
33.7599983215332
33.279998779296875
33.540000915527344
34.40999984741211
34.47999954223633
33.11000061035156
33.4900016784668
34.029998779296875
34.470001220703125
33.970001220703125
33.58000183105469
33.95000076293945
32.66999816894531
32.869998931884766
33.72999954223633
32.47999954223633
32.56999969482422
32.119998931884766
32.790000915527344
32.369998931884766
32.61000061035156
32.7599983215332
32.959999084472656
33.72999954223633
33.310001373291016
32.7599983215332
33.380001068115234
32.22999954223633
32.790000915527344
33.15999984741211
33.09000015258789
33.130001068115234
33.11000061035156
32.81999969482422
33.20000076293945
32.88999938964844
32.779998779296875
32.43000030517578
32.88999938964844
33.619998931884766
33.02000045776367
32.619998931884766
32.130001068115234
32.27000045776367
32.11000061035156
32.68000030517578
31.610000610351562
32.40999984741211
31.520000457763672
32.16999816894531
32.25
32.099998474121094
31.440000534057617
32.689998626708984
31.719999313354492
32.630001068115234
32.099998474121094
32.209999084472656
32.34000015258789
32.43000030517578
31.530000686645508
31.700000762939453
31.6200008392334
31.530000686645508
31.84000015258789
32.70000076293945
31.739999771118164
32.0099983215332
31.200000762939453
31.43000030517578
31.889999389648438
