2.3068875273068747
2.3028684695561727
2.300425910949707
2.2981127818425495
2.296073416868846
2.2941049695014955
2.293761654694875
2.290966105461121
2.2842703104019164
2.2854562838872274
2.2813620289166767
2.278673978646596
2.275981871287028
2.274588151772817
2.2704488396644593
2.269645587603251
2.2686379035313924
2.267382077376048
2.2663963953653967
2.261533840497335
2.2552960554758705
2.248305090268453
2.2444334983825684
2.2391780694325765
2.2319690585136414
2.224522773424785
2.2246795972188314
2.2143337170283
2.203071761131287
2.192659890651703
2.1841995795567826
2.164828221003215
2.161857255299886
2.1461809078852334
2.130807340145111
2.1113249540328978
2.0980579376220705
2.0918690423170725
2.078116464614868
2.0520007868607832
2.0416061838467914
2.023982433478037
1.998740057150523
1.974751085042954
1.9596057256062829
1.9285497486591339
1.898630587259928
1.8737538754940033
1.8488030473391217
1.820073968172073
1.797098688284556
1.7781076530615487
1.7511380314826965
1.719540915886561
1.7051196952660876
1.685557957490285
1.6542439142862952
1.638584746917089
1.6102554857730866
1.589056724309921
1.5856983939806621
1.5565556248029073
1.532526248693466
1.522511641184489
1.498936019341151
1.4919059177239737
1.4774458547433216
1.4786291539669034
1.4445656915505727
1.4385697901248933
1.44364266594251
1.4545854151248931
1.4159587820370994
1.4172187507152558
1.392083728313446
1.385078885157903
1.400285659233729
1.3785425066947936
1.377053121725718
1.3752848784128824
1.3546810448169708
1.3539612849553424
1.3411806563536328
1.3317824403444924
1.3327170272668203
1.321183943748474
1.3257576922575633
1.3292930305004123
1.3018033385276797
1.3096560418605807
1.295156802733739
1.2912054379781086
1.3062290519475934
1.3041309297084809
1.2817796766757965
1.2878611226876575
1.2783861219882964
1.2767687737941742
1.2722701311111453
1.2635571479797363
1.276328859726588
1.2612454096476238
1.2700156271457674
1.263960099220276
1.2566715796788535
1.2746746162573497
1.2332397073507309
1.2320842901865643
1.2423456251621248
1.2371085623900095
1.234557710091273
1.2363596747318906
1.2356155534585316
1.1954125473896662
1.230449406305949
1.2315548360347748
1.2342537323633829
1.2052252421776455
1.232755142450333
1.2293951094150544
1.2164171397686006
1.2048590878645578
1.2036333978176117
1.2026671806971232
1.214772880077362
1.2109107851982117
1.1868313431739808
1.1968749324480692
1.1872712870438895
1.2099433382352192
1.1967412412166598
1.1959721058607102
1.1771446237961452
1.1912243654330574
1.191294515132904
1.186362667878469
1.189798895517985
1.1704382985830306
1.1712306489547095
1.1671301225821176
1.186525426308314
1.1670828819274903
1.1695101281007132
1.1904310643672944
1.1725105583667754
1.1814670115709305
1.1705267906188965
1.1750753343105313
1.1677810082832971
1.1467013786236446
1.178630824883779
1.1521847605705262
1.171134873231252
1.1578842858473462
1.154623199502627
1.1396362334489822
1.1481579403082531
1.1729197372992832
1.188863746325175
1.153035678466161
1.1374490280946097
1.1387497385342917
1.1542866120735802
1.154603578646978
1.1571493248144784
1.1495748072862626
1.1278482804695764
1.135323303937912
1.1603796869516374
1.1474359313646951
1.160720803340276
1.1544283370176953
1.1461333016554514
1.1555637240409848
1.1618773857752482
1.131038384636243
1.1605624943971635
1.144959752758344
1.1278828799724583
1.1353936026493707
1.1379679928223294
1.153598173459371
1.1615232894817988
1.150153679649035
1.159945343931516
1.1514276266098022
1.1603090008099874
1.14393496910731
1.1707136015097301
1.109755488236745
1.1353818247715632
1.1424578289190928
1.1444550116856893
1.1489377429087957
1.1400817861159644
1.1333206395308175
1.1376690049966176
1.1562739759683607
1.1408315161863962
1.1348354736963908
1.1689323127269746
1.142591980099678
1.1287105441093446
1.142376247048378
1.147125025590261
1.1382024834553401
1.1436084181070327
1.1460165709257126
1.1332880596319834
1.1595914850632352
1.1445537994305293
1.1375256866216659
1.142753048737844
1.1551171203454333
1.1433301717042925
1.1392007251580556
1.1380969305833182
1.1274454186360041
1.1443364630142847
1.1318487743536632
1.126016601920128
1.1435004204511643
1.1616021752357484
1.1690015216668448
1.1247758398453396
1.1615003645420077
1.164142002662023
1.1463155806064607
1.139774312575658
1.1627507348855335
1.1305344372987747
1.1395779271920523
1.1473075886567432
1.1671975493431093
1.159223693609238
1.1571691711743672
1.1455622752507528
1.1325574229160944
1.1565622995297116
1.13090546131134
1.168192748228709
1.143118330836296
1.142761262257894
1.1511804282665252
1.1540237625439962
1.1641391853491467
1.1408707370360693
1.1529164095719655
1.1404452840487163
1.1502003530661264
1.1383778035640715
1.1639681498209635
1.1505156675974528
1.1428427269061407
1.1648258785406749
1.1505527734756469
1.1499248931805295
1.1499235113461812
1.163564955194791
1.1602460553248721
1.1458867539962132
1.1527002245187759
1.1531962056954703
1.1605962892373403
1.1258109033107757
1.1443372468153634
1.146618402004242
1.158807909488678
1.1512699564297995
1.1398201445738476
1.167031552394231
1.148698216676712
1.1409711490074792
1.1601717293262481
1.13963859975338
1.157745533188184
1.1605653723080953
1.1435021330912905
1.1455545822779338
1.1629639824231466
1.1531895230213802
1.1550936897595723
1.1509444852670032
1.1627209593852361
1.1787667592366537
1.158319957057635
1.1686410307884214
1.1523521651824316
1.1617847055196762
1.1492225458224614
1.1724212884902954
1.1492056578397751
1.1652427146832147
1.1438168625036875
1.1734480957190194
1.1717510521411896
1.1689782420794168
1.1611944317817688
1.1901401430368423
1.1499265750249226
