2.316008841991425
2.300834159056346
2.288954297701518
2.284784098466237
2.282499766349793
2.278196084499359
2.273280775547028
2.2666509985923766
2.258740385373433
2.2525279045104982
2.2409961819648747
2.2356540362040205
2.2233528534571327
2.210385163625081
2.2074457128842675
2.183627251784007
2.165654889742534
2.15691751241684
2.134678566455841
2.103812646865845
2.082141780853272
2.0587384184201563
2.030450226863225
2.0129377206166583
1.963618848721186
1.944012306133906
1.921358186006546
1.9149439076582588
1.8935887575149537
1.8499824980894726
1.8251976092656452
1.7804654121398926
1.7443196157614391
1.7140871187051139
1.715728298823039
1.699154923359553
1.649908532698949
1.6075434784094491
1.5852268576622008
1.5455301801363626
1.5303821325302123
1.5051545679569245
1.4753384431203205
1.4560284475485483
1.4253931125005086
1.4162222683429717
1.3696626126766205
1.3677212297916412
1.3380881011486054
1.3284558435281117
1.3195740083853404
1.2907195647557574
1.2814014315605164
1.2533714234828948
1.2591743528842925
1.2440783341725667
1.209863579273224
1.1868780702352524
1.2020292421181997
1.1726802488168082
1.147771448890368
1.1466985364754994
1.1422728031873703
1.1399172017971675
1.120328970750173
1.1018587470054628
1.0855023115873337
1.10049948990345
1.0699726829926173
1.0733645031849544
1.0485553880532583
1.0697879632314045
1.0500644365946452
1.0626900166273117
1.0173984507719676
1.017220280567805
1.0143379708131155
1.0261188020308816
1.0071934660275779
1.0125087569157283
0.9984996577103933
1.026374567548434
0.9944388349850973
0.9767887065807977
0.9695944358905155
0.9789143373568852
0.987892774740855
0.9686254521210987
0.9702982693910599
0.9666546493768694
0.9648858984311423
0.9643407344818116
0.9497201134761175
0.9337464918692907
0.9370134880145391
0.9237926810979843
0.925163984298706
0.9450438698132834
0.9205572257439295
0.9275233060121536
0.9360693832238516
0.9038208484649658
0.9168767591317495
0.9070589582125346
0.9223287761211395
0.8927457610766094
0.9152435282866159
0.9133490780989328
0.9159165889024736
0.8896599680185318
0.8870293587446213
0.888647202650706
0.8946387678384781
0.9026298383871716
0.8732009927431743
0.892942875623703
0.8736695716778439
0.8510497371355692
0.871634398897489
0.8743635922670364
0.8839892248312632
0.8759596655766169
0.88679585258166
0.8479751378297807
0.8611536910136539
0.8576207866271336
0.851797256867091
0.8554446220397949
0.8417156795660656
0.8558085093895595
0.8445074786742529
0.8272105922301611
0.8551914443572363
0.8458860645691553
0.8458743651707967
0.8313520640134812
0.8445268342892328
0.8518417537212372
0.8411963254213333
0.8338787058989207
0.8509624977906546
0.8252940108378729
0.8475789825121561
0.8388184130191803
0.8533923278252283
0.8615223377943039
0.8357933650414149
0.8424814959367115
0.8395462671915691
0.8211980024973551
0.8352688699960709
0.8179043292999267
0.8458240260680517
0.8100543826818466
0.8258682956298193
0.8306221107641857
0.8089778333902359
0.8156688263018926
0.8183782080809276
0.8289612511793771
0.8313121855258941
0.8409611274798712
0.8311708837747573
0.8312342594067255
0.8203875780105591
0.8324453463157017
0.8248613079388937
0.8207833210627239
0.8148233413696289
0.8064767767985662
0.8399557888507843
0.8174922943115235
0.8080358564853668
0.8173726618289947
0.8138460040092468
0.8244851390520731
0.8300026019414265
0.811414662996928
0.838016825914383
0.8158752630154291
0.8169223169485728
0.8313057134548825
0.8099716862042745
0.8052968591451644
0.8159712890783946
0.8174553155899046
0.7872075617313385
0.7969712982575099
0.8050306657950083
0.8012093047300974
0.8039162496725718
0.7841007014115651
0.8142444094022114
0.8121740887562435
0.8284482965866724
0.8173228432734808
0.8070003479719162
0.8017922898133596
0.8221653342247007
0.8182223399480183
0.7933356622854867
0.80341457426548
0.8090240627527236
0.7912599335114162
0.7884495596090951
0.8174684842427571
0.8156551510095598
0.801786799232165
0.8035208433866501
0.8069202641646068
0.8121044397354126
0.8062198559443156
0.8066257566213608
0.8089284817377725
0.7985124448935191
0.7969023595253627
0.833140711983045
0.8099686215321225
0.8213029513756434
0.8038680811723072
0.7952670921881994
0.7967742274204891
0.7904172172149022
0.8019951790571213
0.8106649219989777
0.8062343249718348
0.8033289909362793
0.8173524876435596
0.8008386741081874
0.794905787706375
0.8090797136227291
0.7978062917788823
0.816857083638509
0.8399447927872339
0.8066333810488384
0.8123941858609518
0.7977097600698471
0.8064720372358959
0.8205073843399685
0.8060214261213938
0.8177899877230326
0.8142641365528107
0.8047519654035569
0.8022686988115311
0.7991060624519983
0.8056571841239929
0.8108659823735553
0.8122834483782452
0.8047330886125564
0.8187186628580093
0.8015942116578421
0.8129125267267225
0.8102032452821734
0.8175594011942546
0.8155176937580109
0.8023353298505148
0.8245578378438949
0.8234746903181076
0.8249732404947281
0.8084291408459345
0.8150470534960428
0.8241102784872055
0.8322701046864192
0.8115196128686268
0.8134159505367279
0.8326876948277155
0.828073646624883
0.835045145948728
0.831008600195249
0.8139073044061661
0.8085577497879664
0.8406792481740315
0.8146234571933746
0.8298932800690333
0.8231392502784729
0.8072229097286859
0.8025898744662603
0.809993682305018
0.8125857184330624
0.8062866787115732
0.8130528807640076
0.8244844694932303
0.8153132369120917
0.8122232606013616
0.8165622333685556
0.812127435207367
0.8243950853745142
0.8187122762203216
0.8226902941862742
0.8308355728785196
0.8270647933085759
0.8243936955928802
0.8178909341494242
0.8212643235921859
0.8419248511393865
0.8151289771000544
0.8354483892520268
0.8204338947931926
0.8272100945313772
0.8256334125995636
