2.3028803777694704
2.300331048965454
2.2986998033523562
2.2948750352859504
2.291958980560303
2.2900670528411866
2.2915198802948
2.283925113677978
2.2816191673278814
2.2772806024551393
2.2770078134536744
2.2719952821731564
2.265850133895874
2.2568723106384274
2.2510951995849604
2.244375591278076
2.2345218133926394
2.2250520086288454
2.211063485145569
2.2000948333740236
2.2026859188079833
2.18884560585022
2.1749252176284792
2.168969669342041
2.1541417980194093
2.1470777273178103
2.148098578453064
2.148222498893738
2.1289631843566896
2.1063841557502743
2.106824774742127
2.104220657348633
2.09040278673172
2.087370023727417
2.076745557785034
2.0642159366607666
2.0563924431800844
2.0587447619438173
2.050828213691711
2.0391133785247804
2.037651038169861
2.0295811247825624
2.0283672404289246
2.018548579216003
2.0155193543434144
2.0232307147979736
2.0157635259628295
1.9984716224670407
2.005132524967194
2.005408341884613
2.002465512752533
2.007708947658539
2.00595431804657
1.9919048070907597
1.9969439530372621
1.9925903820991515
1.9715915608406067
1.9878304171562196
1.9811188864707947
1.9704798913002015
1.9633539581298827
1.9664625787734988
1.956320686340332
1.9529860186576844
1.9693647480010985
1.9568159317970273
1.9509219789505008
1.951316015720367
1.9430916547775268
1.9334896183013914
1.953909537792206
1.9508497500419615
1.9424376535415646
1.9455941462516786
1.9243439650535585
1.938909318447113
1.9253274273872374
1.9371266365051274
1.9245005559921264
1.9203543758392332
1.9215401792526248
1.910830662250519
1.9152044677734374
1.920550458431244
1.917946014404297
1.8972280740737915
1.916727890968323
1.9078934931755065
1.9068167567253114
1.9121361565589905
1.9141552472114562
1.9222715067863465
1.9043157744407655
1.8982277631759648
1.9170369625091552
1.9064503884315491
1.9019437718391419
1.917242112159729
1.91184232711792
1.9048343586921692
1.9011744809150695
1.899405348300934
1.8924894046783447
1.8986628985404965
1.8958966183662411
1.8921681618690491
1.8896777033805847
1.8883467316627502
1.8986515378952027
1.8794014120101932
1.8889742946624757
1.8914269924163818
1.8754083800315857
1.900398132801056
1.870354688167572
1.8806978464126587
1.8910924267768858
1.8875309252738952
1.8776755952835085
1.8629708623886105
1.8636061453819273
1.8648799729347232
1.8650114297866822
1.871685974597931
1.8691834878921512
1.880198349952698
1.8853705596923827
1.8774962258338928
1.870631308555603
1.8834489250183104
1.8786506700515748
1.866732444763184
1.867396092414856
1.8752605509757996
1.8646525955200193
1.8638720107078552
1.862312471866608
1.8628831243515016
1.8490404200553896
1.861565022468567
1.8572776389122008
1.866536786556244
1.867945067882538
1.8572189855575563
1.8533395957946777
1.8590687680244447
1.851921603679657
1.8566293931007383
1.857065989971161
1.8457016730308535
1.8644607424736024
1.8729987263679504
1.8624505853652953
1.8561908841133117
1.852412326335907
1.8608772516250611
1.851445829868317
1.8698614573478696
1.8697075510025027
1.8636676454544066
1.8615726161003114
1.8744630002975462
1.874056875705719
1.8610290241241454
1.8596379041671753
1.8718156218528748
1.8597496128082276
1.8600660395622257
1.8659125518798827
1.8717558813095092
1.8548565340042114
1.8715266799926755
1.8621269750595093
1.8540287852287292
1.8630710673332218
1.8542607593536378
1.8579832887649537
1.863720805644989
1.8718629431724547
1.8587614941596986
1.8509881973266602
1.854449634552002
1.8571508121490479
1.8727736997604367
1.871084744930267
1.8617008686065677
1.8718237471580508
1.8673774743080138
1.8778276777267453
1.8821945786476135
1.8705410385131835
1.878383283615112
1.866617619991303
1.8757419109344482
1.8784873032569884
1.8748377895355222
1.8797583413124084
1.8655825734138485
1.8723531532287594
1.8714040017127989
1.8812137770652773
1.871219415664673
1.8671330857276913
1.8825244069099427
1.8749661087989806
1.8708101868629456
1.8765125632286073
1.8759801459312437
1.8802588701248166
1.8768227458000184
1.8719305539131164
1.8657191395759583
1.8906238865852356
1.8643751358985903
1.8820138907432553
1.8793928217887879
1.886709756851196
1.8857152891159057
1.890571851730347
1.864418890476227
1.8800585603713986
1.890595443248749
1.879577703475952
1.8857216024398802
1.8764216876029967
1.8889537906646727
1.8905811429023742
1.8923528766632078
1.890297899246216
1.8782639527320861
1.8901472282409668
1.8856981086730957
1.8818054389953613
1.8868076682090755
1.8867002964019775
1.8902971935272217
1.8909196782112123
1.8721431636810304
1.882143783569336
1.894054954051971
1.8860728096961974
1.8929461717605591
1.8805504751205444
1.8926948261260985
1.9029758501052854
1.8885047245025635
1.894677877426148
1.8888135242462158
1.8925744438171386
1.9002649593353271
1.8925548815727233
1.8951680564880369
1.904673874378204
1.8948674631118774
1.8927457833290102
1.8973027205467226
1.8930416536331176
1.8992986345291136
1.9108120036125178
1.898368322849274
1.9044699120521547
1.902467510700226
1.9001511788368224
1.910730097293854
1.9066654348373415
1.9128732800483703
1.9125135874748231
1.9093868565559386
1.9187657284736634
1.9197436738014217
1.9170948910713193
1.9125915145874022
1.9056605672836304
1.9091305685043334
1.9193112087249755
1.9215985250473022
1.9164633226394656
1.921838471889496
1.92557222366333
1.9179262709617615
1.921306655406952
1.91287499666214
1.9238728451728822
1.9215485763549804
1.9094835567474362
1.919452154636383
1.9151869964599608
1.9214893889427185
1.9266846752166749
1.9335518312454223
1.9230192470550538
1.9317520928382872
1.9344021892547605
1.9310583996772768
1.921587793827057
1.9196606779098513
1.9264580416679382
1.9247092056274415
1.9348765778541566
1.925548560619354
